PD26405a	PD26410d	PD26414g	PD26415c	PD26420c	PD26424c	PD26426e	PD26428a	PD26435e	PD26401a	PD26414b	PD26419d	PD26432c	PD26402a	PD26403c	PD26407c	PD26411c	PD26412a	PD26414a	PD26424a	PD26425e	PD26428c	PD26400a	PD26401c	PD26403a	PD26403d	PD26409c	PD26411d	PD26422d	PD26427a	PD26400c	PD26404c	PD26406a	PD26408a	PD26409a	PD26412c	PD26414f	PD26422e	PD26423e	PD26423g	PD26425f	PD26429a	PD26434c	PD26402c	PD26404a	PD26415g	PD26418c	PD26418d	PD26419a	PD26420a	PD26427c	PD26432e	PD26411a	PD26412d	PD26414e	PD26416d	PD26416e	PD26418e	PD26422f	PD26423h	PD26435c	PD26406c	PD26407a	PD26408c	PD26418a	PD26419c	PD26405c	MMRC006BBM	MMRC00GABM	MMRC00GIBM	MMRC01LGBM	MMRC01Q1BM	MMRC01YHBM	MMRC023ZBM	MMRC0244BM	MMRC02G7BM	MMRC02GIBM	V0D56U	V0D56W	V0D56Z	V0D577	V0D57C	V0D57H	V0D57M	V0D583	V0D58G	V0D58I	V0D58T	V0D92Z
A[C>A]A	88	78	81	25	53	93	177	23	153	109	87	177	75	90	99	30	90	134	21	93	102	56	105	122	86	112	62	51	64	73	123	57	65	78	52	97	65	66	108	72	111	52	19	102	55	32	112	113	94	56	48	64	119	21	34	82	85	127	66	101	117	68	32	66	108	54	90	184	86	137	114	96	59	128	72	153	65	82	95	64	101	84	257	105	74	96	121	125	174
A[C>A]C	83	62	82	20	49	66	139	17	132	70	84	148	62	61	89	23	58	99	18	70	67	33	83	83	76	104	61	29	60	59	97	36	49	62	53	49	58	62	84	44	71	51	12	72	37	25	83	103	76	50	44	40	75	9	30	56	57	98	60	69	104	48	21	50	88	37	85	115	48	80	80	79	34	101	51	152	40	62	80	55	60	78	201	69	83	98	104	67	114
A[C>A]G	10	5	17	5	8	13	17	2	22	7	18	24	7	14	10	3	10	12	6	14	12	3	11	8	9	14	5	8	3	13	14	9	10	13	3	8	9	4	14	6	10	7	1	14	10	8	14	19	15	8	10	5	15	2	8	15	14	19	3	10	17	13	5	12	13	8	8	22	7	17	19	7	9	13	11	14	8	7	10	5	8	12	36	10	9	11	16	6	33
A[C>A]T	74	44	55	23	46	75	129	28	122	65	64	149	43	85	71	16	65	102	17	77	50	54	100	77	67	95	52	38	48	56	106	38	45	63	46	70	41	49	56	39	58	31	8	94	38	24	102	108	87	50	37	42	88	11	23	40	50	116	47	49	90	41	15	59	101	36	75	119	42	97	83	63	25	80	30	105	39	48	56	43	63	78	253	73	59	69	103	60	123
C[C>A]A	63	62	118	32	45	96	211	27	118	63	116	156	61	81	95	39	119	164	21	96	63	61	81	72	85	130	55	55	70	58	96	52	54	77	49	80	69	75	130	44	60	47	13	92	53	39	108	104	96	46	41	59	152	16	28	70	61	113	71	86	98	55	36	63	108	44	67	188	67	99	70	67	55	161	49	115	43	63	72	55	73	81	282	74	73	91	90	123	147
C[C>A]C	60	33	50	12	58	60	131	13	129	49	49	136	43	60	63	20	39	92	11	66	49	31	73	51	56	79	57	18	34	49	84	45	31	55	55	59	33	33	42	23	58	29	4	64	45	19	92	95	72	58	35	33	51	14	18	40	34	89	33	35	99	33	20	47	91	31	53	111	29	79	86	41	26	63	38	95	28	45	48	29	55	73	248	55	62	75	86	43	93
C[C>A]G	4	12	21	3	3	11	22	3	19	11	19	22	10	6	13	2	15	11	2	12	3	9	15	9	12	19	7	5	6	8	18	9	6	7	7	9	11	7	20	13	2	9	2	6	9	5	19	23	10	4	5	8	19	1	5	11	13	22	6	13	7	6	2	6	19	3	6	9	7	8	10	8	3	22	6	22	4	13	9	10	8	6	32	5	9	12	13	23	12
C[C>A]T	66	62	79	55	48	69	164	17	111	69	92	151	86	62	107	20	103	134	20	68	70	40	74	78	94	135	44	45	61	50	95	41	41	106	44	83	46	60	79	45	74	36	14	77	40	62	103	105	69	46	38	72	110	10	26	57	56	102	64	64	92	46	19	95	104	45	72	141	43	95	70	61	21	132	34	109	43	49	49	69	95	83	300	89	58	69	113	85	121
G[C>A]A	46	66	62	34	34	68	179	25	98	67	64	110	64	49	78	27	65	119	19	66	51	49	56	70	75	93	37	26	35	55	78	40	33	75	32	66	45	34	83	61	53	32	14	57	42	43	71	78	78	34	38	53	76	11	23	72	60	82	33	78	65	41	28	66	74	37	44	104	51	75	55	54	42	86	44	73	45	46	54	44	54	54	127	65	31	54	51	114	101
G[C>A]C	40	44	44	28	27	42	92	15	84	42	54	79	32	33	56	21	45	69	13	43	34	26	49	42	46	64	24	25	28	27	63	27	26	41	23	45	33	28	43	36	36	33	6	41	28	37	52	48	35	31	18	32	61	10	18	33	32	54	28	55	58	27	19	43	47	25	50	79	30	33	34	28	26	49	23	83	25	35	50	24	38	34	100	25	33	43	55	51	61
G[C>A]G	8	5	10	5	4	4	18	1	16	6	11	17	15	7	11	4	11	14	4	5	7	2	10	10	8	12	3	4	8	4	12	7	8	4	0	9	7	8	15	10	8	9	1	9	9	7	10	11	6	3	3	10	14	2	7	7	7	10	9	12	8	7	2	3	12	3	8	12	8	7	11	6	9	11	9	17	6	5	10	6	7	9	16	6	4	3	4	12	17
G[C>A]T	47	64	49	27	23	66	154	25	84	56	52	84	46	65	72	18	68	100	11	65	51	33	47	60	62	90	33	38	41	43	60	35	24	65	29	49	28	42	62	40	51	29	17	72	35	32	62	71	47	28	24	42	80	8	15	50	52	73	40	60	58	24	16	60	67	28	46	92	45	46	51	41	20	61	40	66	47	43	41	37	50	50	143	55	36	49	42	78	82
T[C>A]A	59	89	130	57	31	97	199	25	117	84	132	124	118	68	100	25	123	143	27	99	78	43	74	91	87	128	53	70	57	77	86	82	67	98	50	72	78	58	126	89	74	64	14	80	80	78	87	88	76	30	63	106	153	13	41	84	76	103	54	102	89	65	21	94	88	40	61	376	73	99	90	88	53	157	57	150	62	63	78	81	92	84	184	85	62	68	90	138	127
T[C>A]C	69	58	87	30	26	63	155	13	156	70	94	148	49	48	93	27	54	99	24	63	78	41	74	79	77	111	40	25	46	37	89	26	32	54	36	60	55	44	88	57	79	39	19	57	28	35	91	89	80	26	22	34	69	11	29	46	46	95	44	78	111	38	25	53	93	38	68	177	50	66	57	49	35	78	43	155	37	54	65	33	70	53	153	49	55	55	54	84	92
T[C>A]G	14	13	18	4	5	13	29	2	18	3	14	19	7	9	10	3	14	11	3	14	9	8	7	7	10	9	5	5	4	4	8	6	6	10	5	6	10	4	14	13	12	7	3	9	6	7	13	12	14	4	2	7	18	3	6	5	7	13	4	15	11	7	1	10	13	3	12	33	9	12	8	16	5	12	7	16	3	12	7	7	10	8	19	8	6	8	7	9	15
T[C>A]T	88	175	141	125	61	130	322	38	199	126	147	170	178	94	164	43	154	204	28	136	92	67	133	128	151	199	92	74	74	96	158	77	65	147	83	123	80	72	166	131	100	95	25	99	72	145	127	140	102	58	73	146	181	24	36	106	102	142	71	155	135	72	44	137	128	57	92	284	117	115	88	135	74	175	83	174	110	66	108	99	152	99	210	127	107	110	92	182	200
A[C>G]A	30	44	43	10	20	66	74	15	64	27	46	80	53	58	73	11	64	60	7	76	46	29	46	28	63	93	31	31	31	35	53	27	31	52	30	41	26	30	99	75	45	34	7	63	27	12	63	71	46	22	25	39	79	4	15	36	47	70	29	87	52	33	10	44	65	19	35	68	40	62	62	34	33	80	37	61	30	39	42	39	48	52	82	56	39	53	55	61	67
A[C>G]C	29	25	49	6	12	37	44	8	36	21	56	47	21	26	33	13	39	42	6	37	28	11	36	23	37	58	27	20	16	18	41	15	18	22	20	21	34	16	66	33	36	18	3	30	17	5	44	40	24	12	10	13	51	2	10	18	19	40	18	57	22	24	9	20	43	10	25	43	21	20	33	18	19	67	23	35	19	18	28	18	18	38	53	39	29	22	44	41	43
A[C>G]G	8	4	5	4	5	7	10	1	9	5	6	21	9	8	13	4	7	13	1	9	5	2	16	4	6	14	7	8	4	4	15	3	4	10	6	7	7	5	8	7	6	5	0	12	3	4	18	24	13	6	4	7	13	2	2	1	4	23	5	9	9	6	3	8	15	4	6	13	5	4	10	12	5	11	6	11	5	9	8	6	10	7	14	16	6	14	7	6	13
A[C>G]T	33	33	41	21	17	55	64	10	66	31	36	62	47	44	71	19	45	51	12	57	41	28	50	33	60	93	40	21	35	39	51	30	23	34	32	27	22	36	66	38	41	17	5	53	30	21	41	48	36	19	31	40	47	2	15	33	36	53	32	53	50	27	19	30	45	13	34	73	32	45	65	30	16	58	22	55	39	29	38	26	42	47	97	49	47	47	40	35	65
C[C>G]A	25	14	161	9	20	21	42	3	42	25	191	61	10	25	33	8	111	107	8	23	30	11	21	27	25	98	20	51	51	28	23	9	20	16	17	30	82	48	176	34	33	13	0	25	10	10	57	57	37	25	16	7	121	9	8	15	20	69	51	130	19	21	6	14	53	18	26	89	23	16	40	21	8	226	19	41	14	13	23	19	27	74	54	31	14	20	37	68	28
C[C>G]C	31	17	40	8	18	35	37	2	35	20	42	48	26	21	42	9	53	43	4	32	41	11	26	20	35	62	20	37	30	16	26	15	23	17	18	15	20	29	66	26	37	10	7	25	13	10	33	49	24	15	13	20	68	4	4	12	11	49	31	53	24	26	8	15	32	12	32	56	19	16	23	16	13	68	11	34	16	18	21	12	15	29	48	27	12	18	29	26	31
C[C>G]G	5	2	5	0	8	11	10	2	7	3	5	16	6	2	13	2	11	7	1	10	6	2	6	4	9	17	5	5	7	2	6	3	4	4	4	5	2	6	12	6	7	3	3	4	2	0	13	14	6	9	2	4	16	0	1	1	2	12	7	8	5	4	2	3	13	4	5	7	5	2	8	3	3	12	8	6	2	2	2	4	6	6	12	8	2	5	3	4	10
C[C>G]T	30	24	94	12	28	29	66	9	63	33	98	71	23	39	50	8	64	66	5	27	37	19	25	31	37	82	33	30	50	27	27	22	20	36	28	25	48	50	78	19	31	21	8	41	23	13	42	48	35	27	20	17	82	4	9	24	25	51	51	62	51	20	8	31	43	20	37	115	22	37	32	19	21	136	22	41	22	26	37	19	39	64	97	42	32	36	24	51	46
G[C>G]A	18	18	66	4	15	20	31	3	21	17	80	31	19	18	32	6	43	46	9	19	26	10	21	21	25	64	16	26	22	19	21	5	13	11	11	20	43	21	95	34	29	14	3	21	5	5	29	24	14	19	11	14	57	1	13	17	18	29	24	62	18	15	6	10	28	6	21	62	21	10	32	21	15	94	16	23	14	23	15	6	19	46	49	17	20	19	29	37	36
G[C>G]C	26	29	54	7	17	26	29	9	32	24	55	33	25	20	33	7	44	52	2	26	10	13	14	20	24	49	22	21	20	18	18	12	8	14	21	23	28	20	61	27	11	17	7	21	12	9	26	27	16	14	12	20	53	4	4	15	19	30	21	44	21	9	5	12	23	9	25	42	8	17	25	15	8	47	19	34	14	20	16	19	18	23	35	23	17	17	24	25	28
G[C>G]G	2	3	6	2	1	2	10	0	8	3	4	7	3	2	4	1	8	7	1	3	3	2	6	4	5	12	4	6	6	3	5	2	1	3	4	1	4	6	25	6	3	5	1	1	2	1	5	7	4	1	2	1	10	0	1	2	3	8	6	17	6	2	1	3	5	1	3	9	1	4	5	3	3	10	2	5	1	2	1	3	6	6	8	1	4	5	2	8	9
G[C>G]T	21	26	43	7	12	31	46	11	30	21	39	50	40	25	45	9	34	45	6	30	22	13	26	20	35	67	22	21	22	25	30	17	21	20	21	22	25	24	63	27	26	26	6	26	18	8	33	41	25	14	20	32	45	3	8	26	27	42	23	49	23	25	9	20	35	17	19	55	15	21	33	27	12	58	27	28	17	32	22	19	20	30	61	32	12	26	26	29	46
T[C>G]A	42	39	123	15	23	50	77	9	70	30	137	306	35	54	43	6	67	85	20	54	48	23	62	29	26	97	32	36	54	32	65	23	34	52	29	30	81	55	116	41	65	39	6	60	26	19	39	53	204	26	23	29	81	2	31	40	30	66	56	82	42	35	8	44	44	96	40	785	47	44	26	33	17	165	24	71	26	34	86	43	88	68	110	44	26	52	42	80	49
T[C>G]C	27	38	90	16	22	33	58	9	55	33	95	104	33	38	43	7	63	71	11	34	51	17	38	39	36	70	33	35	40	23	37	18	18	20	26	30	51	40	81	33	55	33	4	37	19	16	35	52	52	24	16	21	72	8	17	23	26	52	40	58	40	20	7	17	39	25	26	211	31	28	34	28	21	103	14	68	27	35	43	15	52	35	66	48	33	30	39	37	42
T[C>G]G	4	7	3	3	4	2	12	1	6	0	3	28	4	4	6	1	6	4	1	3	8	1	7	0	7	9	3	6	3	4	7	4	4	4	3	4	1	3	6	3	6	3	1	4	4	3	9	7	17	4	4	4	8	1	2	3	4	9	4	4	6	6	1	3	11	8	6	34	9	6	4	3	5	6	4	8	3	3	2	3	16	3	12	3	5	5	2	4	10
T[C>G]T	83	65	122	22	45	96	119	17	116	57	141	466	59	82	62	27	70	72	33	99	97	37	89	61	50	128	69	40	49	61	99	42	54	61	59	46	98	53	92	45	116	53	12	89	41	23	104	106	305	47	37	47	96	11	44	42	46	118	56	78	84	55	23	52	100	130	84	1069	90	76	76	55	25	142	57	131	69	68	129	55	135	84	172	106	91	88	78	71	113
A[C>T]A	114	133	187	39	76	122	171	25	139	134	195	148	109	93	190	52	146	202	46	134	114	61	121	144	154	207	97	65	106	99	154	124	72	93	85	120	119	103	149	92	117	101	18	113	124	46	156	178	73	76	70	89	174	20	65	85	91	176	100	119	105	83	52	72	157	27	118	180	105	132	136	132	70	205	112	168	92	133	125	82	117	103	199	147	113	129	158	116	176
A[C>T]C	49	70	81	13	40	59	96	16	87	66	97	93	54	43	86	31	77	95	27	71	34	43	67	67	70	98	47	39	73	43	78	43	45	59	39	64	58	77	89	54	40	63	20	55	42	27	78	83	41	39	32	40	91	14	34	53	63	84	74	74	71	56	28	59	77	13	48	72	60	56	74	60	40	139	48	97	42	59	64	45	58	60	86	89	37	67	42	60	92
A[C>T]G	117	177	103	67	84	121	232	49	94	233	110	214	233	108	208	69	138	176	45	125	101	99	127	235	191	203	106	77	97	105	140	144	74	201	100	162	71	101	142	124	107	160	43	124	149	87	114	120	130	87	83	193	163	34	56	124	133	121	93	139	76	81	66	189	116	64	119	195	114	125	155	110	123	147	157	108	113	80	101	176	112	73	137	194	83	113	121	144	182
A[C>T]T	81	77	115	30	45	85	137	8	132	97	125	140	66	70	116	21	97	139	16	98	67	46	101	104	97	136	77	38	81	76	120	62	57	72	70	101	68	82	110	54	70	70	12	80	62	40	119	116	82	45	52	44	115	19	30	73	80	112	84	85	101	61	21	68	121	35	86	151	68	102	115	84	53	144	67	129	69	75	68	63	77	82	207	135	64	103	116	88	147
C[C>T]A	77	125	199	34	62	96	136	22	125	105	217	152	84	92	116	48	120	169	38	113	65	50	106	118	92	163	84	50	127	82	133	62	65	93	72	106	122	131	186	96	70	78	22	105	62	41	91	107	72	63	54	58	138	19	58	81	94	102	130	137	97	87	40	91	93	35	79	233	100	88	85	86	51	202	73	154	54	93	100	61	89	107	150	126	82	91	81	121	132
C[C>T]C	71	79	118	30	48	75	101	15	82	76	128	98	66	52	120	38	92	115	33	82	69	40	70	78	104	129	57	50	82	47	82	51	62	80	54	66	71	78	80	47	71	65	21	56	52	36	88	95	53	46	26	44	109	14	47	55	67	95	82	67	59	71	37	80	91	20	68	120	57	50	66	78	47	115	62	102	43	57	55	53	62	53	95	98	54	72	64	69	99
C[C>T]G	81	114	70	31	48	79	152	24	70	143	73	120	155	82	136	44	94	123	21	89	94	62	90	156	134	148	95	47	61	78	101	79	41	137	82	117	48	63	109	100	98	100	30	85	80	43	89	92	67	50	67	120	118	24	32	81	85	89	62	106	57	51	37	132	83	39	82	96	79	76	89	75	72	114	89	86	50	46	54	89	60	52	104	106	45	76	59	87	149
C[C>T]T	110	125	172	38	94	105	140	17	143	113	167	172	93	90	139	44	131	157	32	109	94	53	116	117	126	212	92	65	103	70	141	62	80	113	84	109	93	106	169	102	96	92	26	110	62	46	149	160	90	97	57	70	160	16	49	83	85	167	103	147	114	102	45	91	144	40	108	220	78	109	126	85	71	162	81	151	77	104	113	78	99	106	292	150	75	142	119	113	129
G[C>T]A	66	93	219	32	62	75	102	16	109	76	227	101	63	68	129	35	139	161	33	82	61	35	69	77	101	184	52	67	92	47	88	60	51	75	44	72	118	91	193	74	59	62	17	71	61	44	86	89	53	68	34	51	171	19	45	72	83	91	94	124	79	62	32	65	86	21	66	179	67	84	71	69	56	238	70	80	54	60	54	46	72	119	90	81	63	44	55	97	116
G[C>T]C	58	74	140	26	36	75	112	12	110	76	156	88	74	52	101	23	160	164	23	81	50	44	72	83	86	169	53	83	81	55	86	47	42	64	48	82	81	80	183	59	65	71	11	60	48	28	84	91	53	36	39	51	192	20	35	61	70	90	83	123	82	49	22	57	86	12	56	126	52	58	80	61	41	215	54	72	39	55	50	41	45	108	90	58	40	53	52	122	120
G[C>T]G	85	156	76	35	63	103	241	38	97	191	85	165	160	98	174	58	144	173	27	122	108	77	125	198	170	195	105	83	82	83	141	123	51	202	92	143	54	85	130	109	104	123	33	110	122	53	92	93	85	65	70	120	196	24	36	113	111	92	83	120	68	56	51	183	93	42	84	147	103	88	137	79	99	130	109	83	72	69	64	107	57	79	145	143	77	86	82	146	177
G[C>T]T	57	80	165	27	45	70	123	19	123	73	179	108	74	61	115	36	143	154	23	68	68	45	97	79	88	161	46	58	88	60	103	58	68	84	42	96	74	83	174	67	76	52	15	72	60	38	96	106	58	45	47	62	169	19	31	72	84	105	88	129	93	79	30	74	96	27	56	150	64	61	94	66	42	204	67	93	50	65	66	72	72	132	178	94	77	79	73	114	128
T[C>T]A	133	256	538	39	100	265	157	35	154	152	575	884	132	149	113	53	177	305	101	277	129	97	204	170	91	151	120	77	131	120	255	97	131	165	99	222	350	130	189	115	148	134	12	184	99	44	148	162	543	96	72	102	219	42	152	119	130	159	132	147	115	185	52	161	148	155	134	2840	205	117	113	119	71	271	111	535	130	213	320	123	205	112	379	267	102	268	117	270	165
T[C>T]C	116	176	289	33	78	150	130	22	163	112	310	290	99	106	103	52	129	208	67	159	103	64	145	132	85	123	95	70	109	90	196	82	97	116	77	133	197	114	156	111	114	148	21	126	82	48	159	152	162	80	58	65	161	29	108	98	104	149	108	143	122	135	46	102	156	60	125	564	153	97	108	108	73	216	95	323	117	148	172	79	144	83	254	204	88	199	106	176	129
T[C>T]G	57	89	63	21	42	42	116	23	58	100	69	125	95	55	92	51	76	89	22	43	54	53	70	107	87	94	57	39	41	39	93	66	43	97	52	70	50	42	61	55	58	95	20	62	68	31	63	68	76	44	27	72	91	11	27	54	59	64	40	60	44	43	47	88	62	28	54	302	62	48	57	62	61	75	84	88	69	54	49	58	47	38	87	81	46	64	46	90	97
T[C>T]T	148	245	405	38	99	204	170	31	146	177	420	585	125	170	131	49	169	247	90	214	123	86	179	186	110	164	106	98	131	132	228	108	144	131	92	194	267	131	178	140	122	162	18	211	107	44	134	169	346	100	84	81	215	27	132	93	116	164	129	177	111	169	42	115	137	96	150	1521	213	149	126	158	99	256	107	428	141	208	251	120	168	113	417	264	127	263	135	244	211
A[T>A]A	78	55	87	25	53	84	75	33	77	71	80	80	93	75	87	40	84	83	22	88	62	69	62	79	79	119	57	50	48	51	70	46	66	64	51	63	60	46	96	61	64	39	22	81	46	32	67	74	56	56	33	77	103	8	34	50	46	74	51	86	56	74	36	55	70	21	76	168	71	112	94	85	30	116	101	109	74	53	78	58	74	92	156	76	64	103	97	77	120
A[T>A]C	43	32	19	11	26	29	46	17	55	46	20	67	42	27	55	32	32	44	6	28	26	34	48	45	51	60	28	21	19	36	57	25	26	39	24	31	17	18	31	28	28	15	14	33	27	12	45	46	36	30	28	35	42	8	11	17	17	44	19	33	49	23	26	36	44	16	45	54	27	40	37	38	17	47	27	41	27	29	36	31	29	32	70	37	37	46	54	40	63
A[T>A]G	62	39	30	15	35	51	66	15	74	45	33	86	37	58	68	30	46	51	15	50	39	28	71	54	61	80	42	34	37	56	78	32	39	39	39	33	23	35	28	27	37	26	13	68	32	18	77	77	49	35	34	31	53	5	27	44	38	75	37	24	61	37	22	36	84	24	63	88	50	65	53	56	20	57	35	75	43	43	53	37	52	44	123	40	52	56	80	32	82
A[T>A]T	91	93	73	56	53	105	176	42	126	107	77	105	123	88	130	57	76	151	22	108	79	72	119	117	120	137	60	42	58	77	143	59	60	85	58	107	51	58	80	68	75	62	20	102	60	61	111	111	65	50	57	102	99	16	34	51	53	111	56	77	99	74	55	80	115	32	89	124	81	106	109	94	56	148	110	122	110	76	78	97	102	80	182	94	72	103	96	96	162
C[T>A]A	44	25	79	13	24	51	58	15	68	43	83	63	40	40	61	21	58	64	11	54	39	29	53	48	56	86	29	33	30	32	56	19	23	34	27	44	49	30	98	43	39	25	7	44	17	21	70	73	36	28	19	36	72	8	14	36	32	67	30	88	55	25	17	29	73	27	48	158	35	58	43	43	8	81	31	58	25	34	30	29	33	73	129	42	30	57	61	37	63
C[T>A]C	49	28	34	9	35	33	68	12	72	35	35	82	29	51	37	10	46	47	12	34	27	34	41	37	32	55	28	25	29	49	49	13	22	26	28	29	26	33	24	15	28	16	5	53	14	8	52	62	57	34	23	24	51	4	16	22	19	62	36	20	61	25	10	22	52	19	46	68	20	57	53	32	11	49	25	47	21	29	32	20	26	41	142	32	41	42	70	26	57
C[T>A]G	69	35	77	18	36	34	86	11	72	43	83	99	31	42	47	15	42	42	15	32	38	27	56	45	43	69	28	27	54	42	65	34	32	29	26	29	57	55	58	31	34	17	12	51	35	19	62	67	56	34	30	23	56	8	18	34	33	62	53	48	61	35	12	26	59	18	65	69	38	57	60	32	21	73	31	57	25	32	37	31	37	59	162	47	34	61	76	32	72
C[T>A]T	85	47	99	18	51	62	117	28	90	67	103	168	64	90	73	30	88	138	20	62	74	45	86	66	65	103	48	51	52	86	100	38	45	76	46	59	60	55	86	39	76	29	7	103	37	23	114	121	96	47	46	51	102	13	28	44	40	130	50	71	65	46	27	64	112	57	86	151	45	92	86	40	17	121	49	78	46	48	47	37	71	102	286	63	65	103	127	63	117
G[T>A]A	31	22	33	13	9	28	33	17	37	26	36	37	22	23	29	11	35	37	10	28	20	21	33	26	24	39	20	22	17	26	36	13	15	26	18	22	21	18	37	18	17	16	5	28	12	12	36	41	20	10	20	19	47	6	9	13	23	47	17	31	29	15	9	28	40	10	33	104	21	33	36	26	16	50	17	29	22	26	24	21	19	36	64	32	33	20	36	33	46
G[T>A]C	19	14	18	8	9	11	34	5	29	13	21	37	15	23	18	6	18	27	6	13	14	8	27	16	15	23	15	9	12	15	31	15	16	24	12	26	19	11	15	9	19	20	6	24	14	8	26	27	21	9	11	14	25	2	7	12	10	28	12	13	24	18	6	21	25	12	18	29	8	13	26	23	7	18	10	23	10	15	21	18	16	25	38	17	13	23	22	15	27
G[T>A]G	24	17	35	6	12	21	47	8	45	22	47	40	16	27	29	7	25	30	8	21	20	15	38	22	28	48	18	14	27	23	38	12	21	21	17	27	28	27	24	12	18	15	4	30	12	7	46	54	26	9	17	12	26	5	11	20	22	56	29	25	42	25	8	18	49	15	34	50	26	16	24	16	9	28	19	34	14	21	21	8	25	51	69	22	32	28	52	14	37
G[T>A]T	44	31	36	14	21	42	54	14	60	39	39	87	21	34	42	19	47	60	12	45	37	27	58	43	33	55	33	24	29	50	67	19	22	33	32	39	22	29	46	24	42	23	4	38	18	18	56	64	52	21	40	14	50	5	19	34	29	71	29	34	52	20	17	28	61	19	38	96	31	45	62	29	10	60	27	53	25	36	23	34	30	47	155	35	33	46	84	40	83
T[T>A]A	89	80	85	32	44	141	163	43	90	71	96	94	125	75	96	37	111	118	14	144	69	70	100	71	89	135	45	67	63	75	101	74	51	82	49	76	65	59	126	63	71	60	29	90	72	39	98	102	57	46	61	113	125	12	28	50	53	120	63	93	78	66	37	71	100	32	93	213	100	87	103	86	53	200	130	111	115	93	113	107	98	111	182	150	77	94	122	162	201
T[T>A]C	32	20	22	11	16	27	54	11	48	30	27	52	22	36	41	15	21	43	5	28	26	23	31	30	36	53	20	13	13	19	42	18	19	25	19	29	14	12	27	18	20	14	3	39	19	10	42	41	29	15	16	18	27	6	9	9	9	45	14	24	37	17	13	23	41	15	36	35	23	31	42	21	14	39	25	36	13	30	25	23	24	41	83	24	31	41	47	19	45
T[T>A]G	37	31	69	14	24	88	57	18	34	47	72	45	56	46	52	21	64	78	6	96	32	32	50	50	49	71	25	33	37	43	62	33	27	43	24	46	40	36	54	16	30	26	21	61	32	21	56	50	30	27	34	50	63	4	9	21	16	55	36	40	23	30	19	38	53	20	40	55	29	48	47	39	11	74	43	43	33	24	27	34	32	43	88	40	30	37	43	33	82
T[T>A]T	78	58	87	27	49	77	111	32	84	94	88	145	82	85	132	23	76	123	24	82	86	64	117	98	110	134	77	35	55	95	123	49	54	75	62	67	64	52	82	47	86	45	15	90	51	33	124	120	85	47	71	75	97	11	32	49	56	129	54	75	61	56	24	69	126	48	81	162	61	117	105	77	39	143	83	123	58	59	68	65	92	110	287	115	73	129	135	73	155
A[T>C]A	110	109	126	59	64	129	175	29	119	133	135	119	131	86	160	60	149	138	22	133	85	71	115	140	144	234	128	74	96	102	136	89	77	116	114	103	72	97	155	77	99	82	37	101	87	68	128	138	66	62	83	105	177	21	37	96	98	134	97	123	93	92	55	108	132	35	104	144	88	88	132	103	51	242	150	118	128	125	111	102	125	105	120	140	100	94	105	133	195
A[T>C]C	42	37	39	31	34	73	79	12	52	51	40	57	65	38	43	28	42	59	17	80	47	34	60	52	36	50	37	17	31	42	66	42	35	38	32	53	33	33	27	24	45	47	17	45	41	41	52	56	31	33	33	57	50	11	23	29	32	56	31	33	34	31	29	31	50	19	45	46	34	59	62	50	31	53	57	59	43	37	43	43	37	31	75	42	38	52	50	44	86
A[T>C]G	79	71	52	35	43	80	114	23	96	77	49	89	80	68	112	42	57	86	24	94	79	49	97	83	88	118	65	28	51	72	104	72	60	89	56	69	44	53	53	43	78	64	22	75	71	41	99	96	53	42	51	67	70	7	31	54	59	94	53	51	69	68	42	77	95	36	83	82	79	71	81	79	45	86	105	86	78	81	72	68	78	52	90	79	53	62	74	64	149
A[T>C]T	92	103	105	56	54	129	147	32	129	108	105	131	130	94	148	55	104	153	43	135	104	74	116	110	129	163	100	52	70	94	143	83	65	111	90	112	75	69	101	62	111	112	40	111	87	69	110	120	66	54	79	115	123	16	65	80	74	117	67	80	101	78	54	102	114	36	95	115	105	100	122	110	62	164	123	124	99	90	88	100	107	85	143	127	86	112	108	110	182
C[T>C]A	55	58	67	28	27	64	72	19	53	76	72	66	70	41	114	32	53	64	13	72	52	38	65	79	90	139	64	32	38	42	73	43	54	52	60	46	41	38	67	35	59	45	18	50	44	40	71	86	39	24	34	62	71	2	27	31	40	82	37	52	45	56	29	43	69	19	57	85	54	57	66	46	36	100	69	77	54	46	46	56	44	45	65	67	45	38	65	44	86
C[T>C]C	60	38	31	18	38	62	101	10	63	40	34	91	54	64	72	18	48	73	13	62	49	27	75	40	66	98	48	23	32	58	85	36	37	57	44	61	27	31	32	27	58	44	10	68	34	29	78	91	54	36	43	42	62	15	18	40	41	89	31	35	57	41	17	55	75	27	63	88	37	64	96	47	30	65	55	53	35	40	45	41	56	38	154	71	61	52	73	38	94
C[T>C]G	56	52	45	35	27	75	93	13	81	60	43	68	76	51	85	32	47	63	14	78	45	33	61	68	73	95	53	25	30	46	74	37	29	59	50	55	33	31	45	28	45	46	21	63	36	45	70	76	45	25	34	59	55	6	26	44	48	77	30	34	62	34	28	58	70	15	58	49	55	52	61	48	40	84	80	58	63	71	45	47	50	48	64	54	54	52	55	43	95
C[T>C]T	72	64	78	42	57	77	138	24	84	70	90	113	93	61	126	39	84	101	22	86	78	45	86	69	118	170	94	44	51	73	88	67	73	71	78	76	47	50	89	42	74	53	28	71	67	60	91	93	62	58	62	82	100	7	29	47	51	90	51	67	71	74	32	70	90	32	77	88	65	68	98	65	38	133	100	86	61	68	62	97	69	91	127	94	70	65	77	74	147
G[T>C]A	39	50	65	26	20	56	88	22	71	71	60	76	81	41	93	37	59	65	19	59	63	49	80	70	80	116	53	31	48	59	87	67	44	58	56	52	44	52	70	43	62	56	18	50	65	29	72	75	37	21	41	81	74	6	23	57	60	78	51	58	47	54	39	55	71	13	43	87	35	55	78	48	22	111	71	72	65	42	55	56	51	67	74	62	44	59	67	67	80
G[T>C]C	47	39	34	27	16	48	75	14	45	62	35	66	71	34	57	21	49	58	15	56	46	30	113	65	50	74	33	30	25	36	114	52	30	36	32	47	27	25	50	38	43	48	11	38	52	31	36	38	36	16	25	56	57	10	18	21	24	40	26	47	36	36	18	32	35	20	45	49	34	41	81	33	19	56	51	37	51	37	37	23	42	30	44	54	27	42	51	43	72
G[T>C]G	35	43	29	19	18	57	81	14	56	52	30	48	79	46	62	25	37	57	13	61	33	23	72	51	64	77	26	22	29	52	73	38	29	43	26	40	20	29	31	22	42	34	14	49	41	19	55	58	30	19	39	66	42	8	17	33	30	55	29	24	43	33	24	36	56	13	38	51	35	50	75	39	20	67	57	42	45	43	47	39	39	44	67	57	41	35	48	44	85
G[T>C]T	56	51	86	28	29	73	112	21	73	111	96	90	109	60	103	26	73	60	32	78	67	46	110	107	92	120	70	34	40	65	114	64	53	57	69	50	67	40	74	53	74	66	16	67	62	40	79	79	52	30	36	89	74	7	39	50	51	78	37	66	60	68	25	55	77	31	55	82	45	67	82	45	35	105	93	67	55	60	64	83	66	66	73	78	54	71	82	77	98
T[T>C]A	70	60	110	34	29	77	104	26	84	64	127	84	100	64	99	39	92	81	34	77	46	47	53	64	94	134	61	41	56	70	58	57	62	53	54	68	63	57	111	41	50	63	25	76	55	41	94	92	30	29	53	82	105	8	36	46	51	92	57	73	59	75	36	49	94	14	63	114	64	63	88	64	39	167	72	81	75	70	71	64	57	102	87	79	59	40	72	88	110
T[T>C]C	47	65	42	28	31	77	111	20	51	63	50	94	96	73	95	25	64	93	20	83	73	37	105	73	90	115	48	37	37	43	108	41	38	63	44	69	40	35	51	38	76	50	19	91	43	34	99	95	39	31	32	79	74	14	25	41	38	93	37	52	38	41	27	53	97	17	45	67	47	68	124	65	27	94	71	63	65	70	48	71	47	44	113	74	74	72	94	50	118
T[T>C]G	40	61	37	14	19	63	62	12	43	48	40	46	50	32	57	22	38	44	16	78	32	27	35	48	53	61	29	17	21	27	39	38	31	31	20	39	28	22	27	23	30	40	20	37	37	21	53	50	25	18	23	45	50	7	21	31	32	55	20	27	25	39	20	24	55	9	40	40	32	39	58	43	27	59	58	54	58	34	35	36	52	37	57	37	47	40	54	43	65
T[T>C]T	108	98	116	55	38	111	136	34	76	98	119	96	138	77	128	60	100	108	33	111	80	68	81	96	132	159	73	45	54	72	95	86	64	102	71	70	79	55	105	55	84	75	40	88	86	80	107	132	52	37	61	119	108	9	40	65	68	122	53	82	56	61	58	91	108	24	103	105	80	81	98	96	60	159	131	112	105	98	72	106	94	82	125	122	63	78	93	102	191
A[T>G]A	66	77	78	32	53	229	46	56	45	75	89	23	223	78	112	56	81	76	30	227	93	85	87	74	107	125	54	42	33	61	91	77	84	72	52	61	53	34	56	41	93	77	47	85	78	45	97	95	10	53	53	201	96	6	36	36	34	99	35	57	43	90	57	73	94	6	66	69	60	51	53	76	42	77	107	84	86	44	82	70	49	56	78	70	52	64	78	85	142
A[T>G]C	21	19	14	6	7	29	23	8	20	18	13	20	43	16	27	14	18	22	5	29	20	16	24	19	23	26	19	7	8	21	25	17	7	15	17	18	12	10	8	7	20	10	6	16	17	11	15	14	12	8	15	38	20	4	7	12	11	18	9	8	18	8	11	12	14	6	18	12	16	5	19	31	17	29	29	23	19	14	9	20	14	16	21	28	13	16	23	16	33
A[T>G]G	36	34	30	16	17	47	43	13	35	17	27	46	30	26	42	14	29	35	8	53	35	24	44	14	30	40	27	14	17	37	50	15	19	27	25	34	21	17	19	15	41	19	6	35	15	19	51	57	30	17	25	23	34	7	15	13	14	57	17	18	22	16	12	26	50	16	32	34	20	41	41	25	17	33	25	30	27	27	23	18	30	30	88	53	25	28	48	13	61
A[T>G]T	42	64	27	28	28	80	68	23	42	57	25	41	106	49	86	19	49	57	17	81	47	42	59	62	75	85	58	28	20	62	58	43	43	51	52	62	25	19	41	23	48	40	19	50	45	38	44	46	31	27	49	95	58	13	21	30	31	46	19	38	38	45	18	48	44	17	44	37	37	35	61	58	25	47	82	74	80	49	41	46	39	31	57	61	44	45	51	49	94
C[T>G]A	48	52	81	44	32	114	43	34	14	80	94	26	157	41	80	34	93	85	10	118	49	45	66	79	86	128	54	54	48	45	68	55	40	43	54	51	56	49	108	39	51	68	30	41	52	52	54	59	15	30	42	135	116	12	18	27	31	64	46	80	12	42	33	43	52	11	48	84	29	29	34	55	24	129	89	48	46	31	40	56	35	50	55	51	33	31	37	70	79
C[T>G]C	32	20	27	7	4	24	31	9	24	29	26	27	38	19	29	7	23	34	6	24	13	17	22	33	25	45	24	15	17	30	28	15	16	23	22	31	12	17	28	14	15	17	7	20	16	9	30	35	14	4	20	30	26	4	8	10	9	33	19	27	21	15	6	23	32	7	31	21	16	17	22	26	12	44	37	22	23	23	19	19	18	18	19	31	16	21	32	16	42
C[T>G]G	49	48	34	41	25	62	61	26	41	58	33	67	88	51	71	17	46	55	11	71	47	36	65	58	59	78	52	23	26	39	68	29	29	43	47	40	24	25	24	20	42	48	13	52	28	44	74	80	38	24	31	80	52	7	15	12	14	77	27	22	28	29	16	44	73	12	52	38	31	41	46	32	11	47	60	37	34	39	35	25	44	35	67	75	29	23	55	37	63
C[T>G]T	123	129	82	89	38	157	129	48	108	155	91	115	263	101	119	76	159	159	24	160	111	74	185	154	119	198	106	82	53	118	189	85	73	114	99	120	66	55	122	47	114	128	52	106	85	103	94	93	74	40	98	238	172	14	34	65	67	100	54	93	91	83	75	117	90	26	128	94	91	73	146	113	45	164	216	91	97	98	67	120	66	57	85	88	73	97	168	101	198
G[T>G]A	18	29	59	6	17	37	21	11	26	25	66	14	38	21	28	12	49	37	12	40	21	17	30	26	24	51	18	28	19	13	29	14	16	14	18	14	38	20	73	13	24	20	8	22	14	8	21	20	12	15	9	34	57	4	11	7	8	29	20	44	18	21	12	14	23	6	17	61	23	16	25	42	10	79	40	33	15	22	23	13	20	41	46	42	20	27	19	50	41
G[T>G]C	8	22	7	8	6	11	15	6	10	21	11	9	22	9	17	12	18	16	4	13	17	10	26	22	13	23	9	11	5	11	27	12	14	11	9	15	9	5	11	9	16	11	4	9	13	8	9	11	7	7	8	23	18	4	4	5	6	11	7	10	8	20	9	10	9	2	7	13	12	11	17	20	7	25	21	14	13	8	10	11	7	4	18	11	10	5	21	13	29
G[T>G]G	16	18	18	6	13	28	39	6	26	17	23	44	16	25	25	6	20	23	7	28	18	12	42	17	20	34	30	10	13	12	44	7	11	23	28	19	18	14	11	6	24	16	6	24	8	12	42	41	26	13	8	16	22	5	9	10	10	46	16	15	25	12	5	21	39	16	15	40	20	30	35	62	10	39	37	30	26	30	36	17	28	32	48	40	27	23	39	17	49
G[T>G]T	38	69	40	38	26	52	63	19	40	98	39	82	127	84	52	36	100	63	11	53	86	30	163	96	46	85	43	64	19	70	163	37	41	50	41	53	31	20	48	19	89	50	19	88	36	48	37	44	49	26	58	123	111	7	19	18	19	45	19	40	35	45	34	50	37	22	35	57	43	38	119	71	26	72	76	33	58	41	43	62	32	31	45	53	46	40	102	69	104
T[T>G]A	85	115	173	81	56	384	74	87	57	106	165	47	351	112	156	85	161	160	28	388	130	127	130	105	154	240	82	102	83	88	131	114	114	126	82	101	97	86	180	58	133	104	79	106	117	114	119	123	34	53	80	313	185	17	35	35	29	127	84	123	37	128	84	118	120	10	85	175	77	61	107	86	58	212	139	110	70	68	92	94	65	101	109	109	45	62	107	163	155
T[T>G]C	23	31	14	11	7	43	34	8	21	28	15	31	42	25	38	12	28	29	8	47	19	18	35	26	32	43	18	18	9	22	35	24	16	26	16	24	12	10	19	17	21	10	11	28	23	16	24	23	22	8	21	39	29	7	9	12	15	23	11	17	16	22	11	26	24	12	22	25	29	22	31	24	10	29	38	30	24	20	22	24	29	24	27	31	21	19	20	28	52
T[T>G]G	59	32	42	25	16	66	52	20	28	39	44	72	65	40	52	7	42	48	14	72	38	34	38	41	52	68	33	25	26	38	40	22	25	40	34	39	34	26	36	22	39	27	20	41	22	29	77	77	34	17	31	51	48	6	19	18	22	79	27	25	22	25	7	36	75	17	58	53	34	36	53	37	21	54	42	56	29	40	37	44	36	35	94	59	25	43	46	41	80
T[T>G]T	108	108	113	113	47	200	131	79	107	147	126	96	264	119	169	46	130	164	28	204	146	100	156	148	166	209	105	80	69	127	173	122	79	141	104	112	72	67	142	61	139	121	52	131	123	132	126	125	60	48	102	233	148	16	43	58	65	130	68	130	87	93	45	138	127	26	107	136	100	103	147	103	80	192	174	144	104	102	93	131	106	93	136	154	82	106	135	136	223
