Substitution.Type	Trinucleotide	SBS1	SBS2	SBS5	SBS8	SBS9	SBS13	SBS18	SBS-MM1
C>A	ACA	0.000886	5.80E-07	0.012	0.0441	0.000558	0.00182	0.0515	3.82E-06
C>A	ACC	0.00228	0.000148	0.00944	0.0478	0.00409	0.000721	0.0158	6.96E-06
C>A	ACG	0.000177	5.23E-05	0.00185	0.00462	0.000426	0.000264	0.00243	5.14E-05
C>A	ACT	0.00128	9.78E-05	0.00661	0.047	0.00305	0.000348	0.0214	3.07E-05
C>A	CCA	0.000312	0.000208	0.00743	0.0401	0.0048	0.0014	0.074	0.021990816
C>A	CCC	0.00179	9.53E-05	0.00614	0.0388	0.00192	0.000968	0.0196	2.58E-06
C>A	CCG	9.32E-05	2.23E-16	0.00346	0.00341	0.00137	4.33E-06	0.012	0.001211879
C>A	CCT	2.23E-16	0.000421	0.00649	0.033	0.00306	2.22E-16	0.0363	0.011710085
C>A	GCA	0.00158	8.62E-05	0.0102	0.0242	0.00772	0.000949	0.109	8.81E-06
C>A	GCC	0.000339	2.23E-16	0.00765	0.0262	0.00668	0.000451	0.0173	2.92E-05
C>A	GCG	0.000587	1.39E-05	0.00234	0.00274	0.000171	0.000164	0.00756	6.02E-05
C>A	GCT	2.23E-16	5.12E-05	0.00682	0.0269	0.00856	6.15E-05	0.0623	2.07E-05
C>A	TCA	6.58E-05	0.000639	0.00786	0.0298	0.017	0.079	0.0738	0.015866252
C>A	TCC	0.00253	0.00017	0.00917	0.0251	0.00246	0.0294	0.0436	3.39E-05
C>A	TCG	2.23E-16	8.53E-05	0.0023	0.0019	0.000445	0.0121	0.0127	1.60E-05
C>A	TCT	5.88E-06	0.00044	0.0127	0.0319	0.0273	0.0355	0.122	0.003327261
C>G	ACA	0.00186	2.23E-16	0.0101	0.00433	0.00484	0.00387	0.00173	0.000446027
C>G	ACC	0.00122	0.000133	0.0057	0.00295	0.00196	0.000951	0.00259	0.01217308
C>G	ACG	0.000115	1.52E-05	0.00172	0.000286	0.00136	0.000264	0.00192	1.94E-05
C>G	ACT	0.00114	9.12E-05	0.0101	0.00571	0.00641	0.004	0.00408	5.48E-05
C>G	CCA	2.41E-05	2.23E-16	0.00696	0.005	0.000893	0.00561	0.000613	0.086454006
C>G	CCC	7.68E-05	0.000351	0.00907	0.00546	0.00154	0.000648	0.00226	0.01626089
C>G	CCG	0.000352	4.87E-05	0.00249	1.05E-05	0.000437	0.000488	0.00358	0.000615079
C>G	CCT	2.23E-16	6.36E-05	0.00953	0.00549	0.00303	0.0064	0.00379	0.039040718
C>G	GCA	9.59E-06	6.54E-05	0.00468	0.00258	0.00136	0.0015	0.000635	0.029761055
C>G	GCC	0.000164	0.000261	0.00508	0.00239	0.00283	0.000479	0.00134	0.019654956
C>G	GCG	0.000166	2.23E-16	0.00151	0.000488	0.000521	0.000241	0.000639	0.002572235
C>G	GCT	2.23E-16	0.000134	0.00672	0.00486	0.00857	0.0027	0.00123	0.012070355
C>G	TCA	2.23E-16	2.23E-16	0.00781	0.00147	0.00269	0.317	0.00214	0.03954103
C>G	TCC	0.000203	9.87E-05	0.0076	0.00134	0.002	0.0635	0.00464	0.025433728
C>G	TCG	6.94E-05	4.12E-05	0.00171	7.82E-05	0.000404	0.0138	0.000899	3.70E-06
C>G	TCT	0.00156	0.00118	0.0125	0.000249	0.00563	0.369	0.00318	0.014709611
C>T	ACA	0.025	6.11E-05	0.0326	0.00681	0.0081	0.00718	0.0092	0.023050629
C>T	ACC	0.00632	0.00138	0.0179	0.00282	0.00542	2.22E-16	0.00465	0.014549335
C>T	ACG	0.365	3.27E-05	0.00618	0.00323	0.00438	0.000303	0.0122	4.09E-05
C>T	ACT	0.00958	0.00186	0.022	0.0125	0.00649	0.000318	0.00797	0.012736835
C>T	CCA	0.002	0.00432	0.0194	0.00267	0.00724	1.93E-05	0.0117	0.036254575
C>T	CCC	0.00027	0.00017	0.019	0.00402	0.00876	0.00135	0.00676	0.015693404
C>T	CCG	0.196	0.00277	0.0175	0.00149	0.00651	0.00199	0.0168	0.000173239
C>T	CCT	0.000196	0.00145	0.0231	0.0145	0.0111	0.00145	0.00665	0.011494337
C>T	GCA	0.00444	2.23E-16	0.0194	0.000276	0.00698	0.00718	0.00968	0.074413115
C>T	GCC	9.28E-05	1.29E-07	0.0216	0.000245	0.00653	0.000921	0.00817	0.063443703
C>T	GCG	0.218	2.23E-16	0.0123	0.00191	0.00476	0.000178	0.0148	0.000164036
C>T	GCT	3.84E-05	5.04E-05	0.0186	0.00461	0.0107	0.00127	0.00669	0.052774978
C>T	TCA	0.00111	0.536	0.0203	0.00504	0.00427	0.00693	0.0114	0.001427911
C>T	TCC	3.73E-05	0.0973	0.023	0.000252	0.00733	0.00448	0.0114	0.003328354
C>T	TCG	0.11	0.0442	0.0159	4.17E-05	0.00326	0.00119	0.0118	2.60E-05
C>T	TCT	2.23E-16	0.3	0.021	0.00527	0.00546	0.00142	0.00375	3.50E-05
T>A	ATA	8.00E-04	9.59E-05	0.00738	0.0195	0.0127	2.22E-16	0.00249	0.008337874
T>A	ATC	0.00223	0.000878	0.00693	0.0213	0.00282	6.52E-05	0.000878	1.56E-05
T>A	ATG	0.00114	2.55E-05	0.00912	0.0228	0.00276	0.00059	0.0026	9.60E-07
T>A	ATT	0.000183	2.23E-16	0.0062	0.025	0.0189	0.000606	0.00784	3.75E-06
T>A	CTA	4.30E-05	0.000243	0.00354	0.019	0.00479	0.000209	0.000542	0.013197888
T>A	CTC	0.000393	0.000244	0.00519	0.0292	0.00313	0.000342	0.00306	0.00012906
T>A	CTG	0.000324	0.000149	0.00501	0.0276	0.00531	0.000226	0.00321	0.00333837
T>A	CTT	0.00026	2.23E-16	0.0043	0.0418	0.00444	0.000523	0.00226	0.018378979
T>A	GTA	8.12E-05	2.23E-16	0.00367	0.0128	0.00265	6.70E-06	0.0016	0.008993849
T>A	GTC	0.000129	0.000131	0.00291	0.0135	0.00212	0.00013	0.00195	1.90E-05
T>A	GTG	0.000246	6.38E-05	0.00411	0.0156	0.000788	4.70E-05	0.00183	0.000792844
T>A	GTT	0.000258	6.28E-05	0.00322	0.0281	0.00256	0.000358	0.00346	0.00114022
T>A	TTA	0.00672	0.000422	0.00631	0.0115	0.026	0.000296	0.0108	0.011247951
T>A	TTC	2.23E-16	0.000192	0.00414	0.0195	0.00185	0.000232	0.00273	4.53E-05
T>A	TTG	2.80E-05	5.01E-05	0.00479	0.0129	0.0167	0.000188	0.00179	0.016634851
T>A	TTT	0.00225	0.000205	0.00875	0.0379	0.017	6.20E-05	0.0071	0.006031208
T>C	ATA	0.00109	6.17E-05	0.0462	0.00977	0.0203	0.00191	0.00202	0.037212647
T>C	ATC	0.00304	2.15E-05	0.0134	0.00501	0.0105	0.000142	0.00209	1.17E-05
T>C	ATG	0.000106	1.32E-05	0.0382	0.00698	0.0143	0.000428	0.00208	2.21E-05
T>C	ATT	0.00574	0.000155	0.0383	0.0149	0.029	0.000959	0.00424	0.002178847
T>C	CTA	2.23E-16	0.000302	0.0133	0.00239	0.0137	4.74E-05	0.000386	0.009729192
T>C	CTC	0.0025	2.85E-05	0.0104	0.007	0.0153	0.000122	0.00246	1.66E-05
T>C	CTG	0.00036	2.23E-16	0.0208	0.00126	0.0154	2.22E-16	0.00162	4.91E-05
T>C	CTT	4.26E-05	0.000186	0.0149	0.00646	0.0329	0.000112	0.00256	0.011636653
T>C	GTA	0.00105	2.23E-16	0.0141	0.0026	0.00952	0.000287	0.000708	0.011310602
T>C	GTC	0.0019	2.74E-05	0.00794	0.00262	0.00978	0.000182	0.00226	4.50E-05
T>C	GTG	0.00117	0.000107	0.015	0.00281	0.00631	0.000195	0.00398	7.34E-07
T>C	GTT	7.13E-05	1.25E-05	0.0137	0.00629	0.00986	2.22E-16	0.00315	0.00333193
T>C	TTA	0.000255	2.23E-16	0.018	0.00208	0.014	2.21E-05	0.0018	0.032925833
T>C	TTC	0.00339	4.35E-05	0.00971	0.00264	0.0136	2.49E-05	0.00618	0.00013551
T>C	TTG	0.000416	0.000117	0.0127	2.22E-16	0.00931	9.98E-05	0.00326	0.000233786
T>C	TTT	0.00433	3.58E-05	0.0185	0.00457	0.0384	0.000531	0.00337	0.015325366
T>G	ATA	0.000172	0.000238	0.00386	0.00164	0.0451	6.14E-05	0.000721	1.58E-05
T>G	ATC	0.000207	7.46E-05	0.0026	0.000668	0.00693	2.22E-16	0.000858	1.19E-06
T>G	ATG	0.000268	2.05E-06	0.00794	0.00477	0.00533	8.25E-05	0.00199	1.40E-05
T>G	ATT	0.000112	3.76E-06	0.00483	0.00074	0.0239	0.00032	0.00184	1.31E-06
T>G	CTA	3.55E-05	0.000153	0.00259	0.00122	0.026	4.14E-05	0.000111	0.035090601
T>G	CTC	0.000212	0.000155	0.00461	0.00195	0.00741	2.82E-06	0.00199	0.005608988
T>G	CTG	0.000128	0.000121	0.00613	0.0047	0.0142	2.22E-16	0.00293	1.57E-05
T>G	CTT	0.000171	0.000203	0.0073	0.000574	0.0565	5.55E-05	0.00414	0.000715012
T>G	GTA	2.23E-16	0.000209	0.00252	0.00131	0.0083	8.77E-05	0.00087	0.023188525
T>G	GTC	2.23E-16	0.000133	0.00171	0.000656	0.00585	2.22E-16	3.70E-05	4.48E-06
T>G	GTG	0.000348	3.71E-05	0.0053	0.00397	0.00397	0.000426	0.00583	3.06E-05
T>G	GTT	1.46E-05	2.23E-16	0.00235	0.00129	0.0194	2.89E-06	0.00214	2.64E-05
T>G	TTA	2.23E-16	1.67E-05	0.00522	2.22E-16	0.0657	0.000184	0.000696	0.049557597
T>G	TTC	5.51E-05	7.04E-05	0.00656	0.00114	0.00862	2.22E-16	0.0021	9.78E-06
T>G	TTG	0.000583	9.54E-05	0.00694	0.00309	0.0109	3.67E-05	0.00145	0.000250673
T>G	TTT	2.23E-16	2.23E-16	0.0135	0.000996	0.0639	1.89E-05	0.00516	0.010208901